[ 30.63222368 183.84944487 185.84789513 187.8443766  191.81681972
 208.85713318 209.85304435 210.8620528  211.8536704  212.86448855
 213.85576046 214.85775778 215.85158256 216.82821793 217.83299996
 218.82712577 219.83059976 221.82688925 226.89901801 231.85634338
 232.86396086 233.8621708  234.86826021 235.86322268 236.86676835
 237.86227486 238.85963506 239.85793749 240.8362269  241.83225059
 242.83955608 243.82544765 244.83150497 245.82292051 246.82774184
 247.82844063 248.81081079 249.82245789 250.80304716 257.87272797
 258.87088248 259.8825034  264.82915317 265.83495263 266.83785084
 267.83525694 268.84452392 269.83379185 270.84262528 271.8300364
 272.78725288 273.79733472 274.7853365  275.79583914 276.78769372
 277.76936957 278.75901553 279.76142868 280.75364268 281.7604281
 282.75648352 283.76109678 284.73306194 285.73821691 287.72970454
 289.73055813 290.72433214 291.85277662 292.83647566 293.85360198
 294.82980135 295.79552751 296.80368821 297.79911761 298.79163153
 299.80028321 300.78733162 301.79191298 302.76130614 303.76649593
 304.76630386 305.76948389 306.76335588 307.77134246 308.76049522
 309.74698405 310.73808413 311.73749272 312.7401617  313.74291765
 314.7331313  315.74127251 316.76466991 317.8697927  318.76821875
 319.7204539  320.79872476 321.80282229 322.79852401 323.82413644
 324.81542651 325.84284906 326.79797195 327.75950332 328.77232668
 329.76835895 330.76829051 331.77048726 332.76163671 333.72604482
 334.72439052 335.7310095  336.75006739 337.72564977 338.72720652
 339.72230312 340.72710372 341.68902656 342.69057705 343.69681939
 344.69640424 345.68729983 346.67991279 347.68432079 348.84150169
 349.66473665 350.6687079  351.65569921 352.67504801 353.65659297
 354.65986109 355.80656733 356.78999514 357.72508013 358.73277198
 359.72338267 360.72630429 361.71879927 362.73675173 363.72442357
 364.72894542 365.70793698 366.69716772 367.69417799 368.69649722
 369.6893843  370.69995903 371.68892528 372.69468559 373.67236071
 374.66540657 375.66229179 376.67649023 377.66276108 378.67281258
 379.65714253 380.66643857 381.63784136 382.66954905 383.65924143
 384.65427484 385.73039576 386.73476418 387.73747671 388.69759456
 389.71076965 390.70348727 391.68468972 392.69177626 393.70601102
 395.70487233 397.67560012 398.66825522 399.67796907 400.66816292
 401.6752119  402.66834404 403.66988457 404.68263283 405.65352061
 406.66180588 407.63365166 408.63189496 409.62413755 410.71545591
 412.61462221 413.73083493 414.77448345 415.70591369 416.57751115
 417.68569795 419.72152496 421.67066897 422.66065501 423.66866395
 424.65690416 425.66945798 426.66049663 427.65697638 428.63189979
 429.64174612 430.62712058 431.64173706 432.63125574 433.62399981
 434.62598327 435.63751959 436.61120694 437.61089535 438.60496761
 439.60747251 452.62019768 453.62719703 454.64475392 455.63518109
 456.63228578 457.63287194 458.62824184 459.62606129 460.62567305
 478.64900078 480.64946702 481.65187195 482.64760824 483.65994047
 720.30458208 722.28906954 724.28750716 726.30099141 728.27944382
 730.26777209 732.2687675  734.27616543 736.26384306 738.23684811
 746.28541939 748.28923032 750.29625428 752.27534773 754.27171719
 756.26791594 758.27947106 760.28619239 762.26142937 764.21996691]
